100
25
9932
4
2067
7896
94
1
341
23
656
9240
33
610
9948
67
286
7509
9830
942
9808
62
88
88
88
121
9284
53
205
9430
4
608
9637
14
4183
4714
6772
682
9133
85
9
9909
10
4461
9380
6690
589
9282
70
296
9935
51
9997
9997
9997
4207
6188
7
110
6777
11
740
1827
3766
378
9903
99
168
9801
88
407
8785
12
3569
5310
8858
206
319
18
539
9233
99
10
9933
8
461
9211
38
3570
6996
3816
695
9711
32
166
9943
12
551
9603
63
3923
7608
8281
83
453
24
61
487
4
5977
8519
9648
271
9954
96
896
9786
14
276
454
5
2379
4879
61
865
9157
20
710
9766
15
143
5750
8407
346
9844
60
533
9498
13
317
9129
9
206
9312
71
896
9634
2
838
9074
63
25
9857
3
1273
6801
1834
847
9432
64
221
3608
74
2853
5482
4989
736
7048
7820
484
9310
93
72
179
37
600
9325
88
2449
5440
16
22
9945
7
28
9991
9
532
9112
35
353
9744
74
7137
8663
7119
22
9927
6
671
5904
6321
2045
5991
14
2537
2904
782
4377
5895
7525
1578
6347
676
1435
9048
5672
142
9492
33
5983
9435
6338
385
9025
96
514
9310
9
887
9225
76
2840
5899
1142
370
9473
15
666
9255
88
857
9707
7182
30
9858
2
4255
4255
4255
1382
5184
3752
851
9045
7
5828
7359
3768
2
9939
5
2008
8964
6097
3970
5978
8884
4717
4725
8571
5
9994
1
815
8635
68
9007
9800
5000
825
9493
72
446
3691
902
158
190
9
3443
7985
5983
57
9951
8
532
9186
4
142
181
34
